[
	{
		"Name": "Join us at CodeMash",
		"Url": "https://codemash.org/join-us-at-codemash/",
		"Embeddings": [0.010155369, 0.006179446, 0.019530607, -0.021214044, -0.017491322, 0.0089783305, -0.018572554,
-0.013132177, -0.018517807, -0.021296164, 0.00091870496, 0.006747435, 0.01987277, 0.012030416, -0.02270587,
-0.010353822, 0.018093526, -0.02811203, -0.011017617, -0.026414907, -0.005799646, -0.018216705, 0.002169307,
-0.030931445, -0.052473966, 0.02270587, 0.01656064, -0.0008365861, -0.011790902, 0.010435941, 0.049599804, -0.012263087,
0.0042907116, -0.015602588, -0.026195923, 0.008205045, -0.005053733, 0.00207008, 0.017860856, -0.026688637, 0.025881134,
-0.0071443426, -0.0030520852, -0.0103948815, -0.00037488126, 0.019612726, -0.00048758087, -0.021597266, -0.00956685,
0.02010544, 0.028823728, 0.0007039983, 0.0014174061, -0.0025456853, 0.0057449, -0.010682298, 0.006720062,
-0.00058894634, 0.00067961926, -0.013665951, 0.01389862, 0.012748957, -0.015315171, 0.019749591, 0.015479409,
0.00299905, -0.03358662, -0.011298189, 0.012071475, -0.0268255, 0.0020940315, 0.022445828, 0.02232265, -0.012865291,
-0.004718414, -0.0015927642, -0.015191993, -0.022952227, 0.017491322, 0.023349134, 0.00087422394, -0.0004189346,
0.0031324932, 0.01343328, -0.00011825974, 0.040074013, 0.018066153, -1.7475656E-06, -0.02076239, -0.0019982262,
-0.013419594, 0.015096188, -0.008061336, 0.0003684657, -0.0076575857, 0.016697505, -0.012242557, 0.021200357,
0.0043865168, -0.009888482, 0.004516538, 0.033997215, 0.0076233693, -0.016382717, -0.011482957, -0.013405907,
0.0015046574, -0.00933418, 0.03106831, 0.012139908, -0.01146927, 0.020721331, 0.012139908, -0.044316825, -0.011476113,
-0.025155751, 0.007938159, -0.0037535173, -0.0034986064, -0.014302372, 0.02819415, 0.015876317, 0.020160185,
-0.027455078, 0.02103612, -0.0039964523, -0.017395517, -0.00082589354, 0.005313776, -0.007931315, 0.036378663,
-0.0022291855, -0.0015850655, -0.03005551, -0.01873679, 0.020776076, -0.00403409, -0.015287798, -0.043960974,
-0.020119125, 0.022637438, 0.011749843, 0.011818276, -0.00043197954, 0.0027886203, 0.006761121, 0.043112412,
-0.004718414, 0.007260678, 0.0091083525, -0.002819415, -0.013987583, -0.026524398, 0.002585034, 0.00023673334,
0.011845648, 0.0028211258, 0.0068842997, 0.013850718, 0.000596645, 0.007999748, 0.02418401, 0.020707645, 0.010422255,
-0.0069287806, 0.030466104, 0.027482452, -0.0035071606, 0.012126221, -0.0005063998, 0.0044720573, 0.022226844,
-0.025005199, 0.008841466, 0.0033788497, 0.011914081, -0.0050674193, 0.011592449, -0.025799016, -0.0009571982,
-0.010661768, -0.019845396, 0.015328858, 0.038623247, -0.024676723, -0.01905158, 0.020365482, 0.0019503235,
-0.017395517, -0.015807884, 0.018928401, 0.02057078, -0.016546955, 0.001007667, -0.64030826, 0.0004281302, 0.010114308,
-0.012180967, -0.0012018441, 0.0106001785, 0.0064565972, -0.012803703, -0.0046705115, 0.026195923, 0.0018083262,
0.033504505, 0.0058201756, -0.043988347, -0.009956914, -0.026688637, 0.010661768, -0.031013563, -0.010025347,
0.014630848, -0.01493195, 0.014056015, 0.002494361, -0.0098542655, -0.02418401, 0.009703714, -0.0077054882,
-0.0014302372, -0.021104552, 0.010073249, -0.008622482, -0.0022753773, 0.011982514, -0.0054951217, 0.049545057,
0.0050297813, 0.00454049, 0.020529721, -0.00781498, 0.023034345, -0.03892435, 0.0028399446, 0.030192375, 0.02224053,
0.032957043, -0.000435615, 0.015356231, 0.017655559, -0.015014069, -0.028659489, -0.02604537, 0.005926246, -0.017628187,
-0.013700167, 0.013077431, -0.0015978966, 0.02224053, -0.020201245, 0.0004790268, 0.0016346789, -0.008533521,
0.028248895, -0.036597647, -0.020119125, -0.006959575, -0.009128883, -0.012208341, 0.0012625778, 0.011393995,
-0.020748705, 0.0103948815, 0.0062512998, -0.0066174134, -0.0065489807, 0.003592701, 0.049052346, 0.004691041,
-0.010346979, -0.016629074, 0.0023455205, -0.0075686234, 0.0036474469, -0.0138644045, -0.036296546, 0.034982644,
-0.0068740346, -0.023417568, -0.0017860857, 0.040101387, 0.010942341, 0.009977444, 0.028686862, -0.02679813,
-0.017354457, -0.010442784, 0.009792676, -0.010189584, 0.029152203, 0.032108482, -0.028960591, -0.020119125,
-0.024854649, 0.02274693, -0.0017133763, 0.013488026, -0.0075686234, -0.021104552, 0.01438449, 0.0214604, -0.028741607,
-0.02391028, -0.0171081, -0.006302624, -0.011400838, -0.009163098, -0.037254598, 0.010504373, 0.014849831, 0.036953498,
-0.030904071, 0.0049955654, 0.0065352945, 0.004379674, -0.012728427, 0.012064632, 0.003206058, 0.028659489,
-0.008759348, 0.0031034094, 0.00011804589, -0.012659994, 0.01567102, 0.013618047, -0.023321763, 0.0035311119,
0.009163098, -0.004232544, -0.03172526, 0.019215818, 0.0037877334, -0.033887725, -0.0017655559, -0.008075023,
-0.020543408, -0.015547842, -0.021104552, -0.032108482, -0.008930428, -0.024252443, -0.0044002035, -0.005546446,
0.0014370804, 0.010846536, 0.0080271205, -0.0033925362, -0.012413638, 0.014302372, -0.029206948, -0.026100118,
-0.026538085, -0.013768599, 0.011701941, -0.032957043, -0.0019708532, 0.015000382, 0.012694211, 0.0031478903,
0.0076781153, 0.0027578257, -0.0026089852, 0.0015277533, -0.003979344, -0.01176353, 0.00011547968, 0.010278546,
0.010826006, 0.012146751, 0.0010957738, -0.031095684, -0.0074249157, -0.0039690793, 0.029289067, -0.017915603,
0.015917376, 0.015876317, 0.008205045, 0.038869604, -0.020858197, -0.028495252, 0.025319988, 0.015452036, 0.027359273,
-0.010921811, -0.009142568, -0.0008160564, 0.022103665, -0.010764416, -0.018613612, -0.007123813, 0.02010544,
0.0147403395, 0.0054266895, 0.0032847552, 0.018175645, -0.0010418833, -0.02686656, 0.0045233816, -0.024060832,
0.019338997, 0.01870942, 0.008964645, -0.048778616, 0.0070485375, -0.009429985, 0.01368648, 0.017956661, -0.0149456365,
0.012625778, -0.03752833, 0.033887725, 0.003206058, -0.019968575, 0.020721331, 0.0047047273, 0.0032214553,
-0.0039485497, 0.023554433, 0.012810545, -0.0059981, -0.015807884, -0.013987583, 0.029261695, 0.0015328858, 0.037117735,
0.027195036, -0.009539477, -0.006935624, -0.0038493224, 0.04012876, -0.010477001, 0.013693323, 0.021939429, 0.018996835,
0.0015705236, 0.018257765, -0.0047526304, 0.0392802, -0.0024977827, 0.0023882908, 0.00013921717, -0.015712079,
0.021884682, -0.013837031, 0.0037432523, -0.007301737, -0.02959017, -0.018298823, 0.007732861, 0.012434167, 0.029371187,
-0.012057789, 0.010839692, 0.005556711, -0.022733243, -0.01419288, -0.018339884, 0.012119378, -0.027715122, 0.017696619,
-0.013905464, -0.0018613613, -0.009204158, 0.003043531, -0.0070827533, 0.003286466, -0.0026517555, 0.011154481,
0.0018579396, 0.0058201756, 0.018463062, -0.0027321635, -0.03752833, 0.015246739, 0.025374735, -0.015958436,
-0.0065387157, -0.009888482, -0.016656447, 0.0010778103, 0.018339884, -0.008581423, -0.009484731, -0.0130432155,
-0.016150046, 0.009484731, -0.0112913465, 0.022021547, -0.010990243, 0.009915855, -0.0027338744, -0.0127078965,
-0.006069954, -0.03577646, -0.03052085, 0.027537199, -0.0022377395, 0.0031342038, -0.018449375, -0.0058407052,
-0.0015517047, 0.00021288892, 0.0007347929, 0.009169942, 0.0017570019, 0.016314285, -0.028166777, 0.032491703,
0.012687367, -0.013371691, -0.0047800033, -0.0034318848, -0.021323536, -0.020899255, 0.004824484, 0.1053859,
0.007158029, -0.002035864, 0.006213662, 0.011606135, -0.018271452, -0.02099506, -0.027263468, 0.021446714,
-0.0063642133, 0.009423141, 0.009642125, 0.004629452, -0.010887595, 0.010237487, 0.01890103, 0.0029597012,
-0.0045781275, 0.0064155376, 0.010648082, 0.015643647, -0.004691041, -0.007732861, 0.014795085, 0.020707645,
0.027482452, -0.00078911113, 0.010422255, 0.019434802, -0.0339151, 0.013652264, 0.0002916931, -0.0032197444,
0.005970727, -0.023061719, 0.041634273, 0.0041025225, 0.018449375, 0.0244988, 0.0025542395, -0.015027755, 0.023143837,
-0.006302624, -0.011106579, 0.01271474, -0.02445774, 0.0038424793, 0.027249781, 0.011044989, -0.025785329, 0.027701436,
0.0024361934, -0.0044823224, -0.0018476748, 0.0056183003, -0.0052282354, -0.011380308, 0.002035864, -0.0102238,
-0.03572171, -0.021501461, -0.0385685, 0.014357118, 0.00935471, -0.019120013, -0.015369917, -0.00045208156,
0.0035961226, -0.020871881, 0.009258904, -0.0021145612, -0.019818023, -0.029617542, -0.010894438, 0.012728427,
0.026551772, 0.008314537, 0.003719301, -0.009587379, -0.0069150943, -0.010887595, 0.0002591877, -0.0034507038,
-0.020474974, -0.02158358, -0.015205679, -0.0058201756, 0.012748957, -0.021172985, 0.006138386, -0.008656698,
0.006449754, 0.021501461, -0.0035995443, -0.0026226717, 0.030767208, 0.004167533, 0.016108988, -0.025265243,
-0.0052282354, 0.009977444, -0.021953113, -0.02010544, 0.009429985, -0.02084451, 0.0037364091, 0.011181855, 0.025922194,
-0.0077123316, 0.019393742, 0.026565459, -0.018846283, 0.009231531, 0.008492461, 0.02566215, -0.010997087, -0.006340262,
0.0038972253, -0.021693071, 0.01176353, -0.011736156, -0.030657716, 0.013227983, 0.037583075, -0.023321763, 0.013460653,
0.0053479923, -0.028248895, -0.0025097583, 0.007698645, -0.027975166, 0.050065145, -0.00354822, -0.018695733,
-0.029644916, -0.025059946, 0.028248895, 0.034161456, -0.0039143334, 0.001873337, -0.010346979, -0.002304461,
0.013994426, -0.044043094, 0.0018887343, -0.033887725, -0.021693071, -0.018326197, 0.0073085804, 0.01905158,
-0.013152707, 0.0046944628, -0.020557093, -0.025689524, 0.0046705115, -0.018189332, -0.023882909, -0.0057106838,
0.03829477, 0.030931445, 0.030548224, 0.0036953497, 0.015917376, 0.004259917, 0.031588398, -0.009950071, -0.010162212,
0.014179193, 0.0038219495, -0.001548283, 0.004465214, 0.0071306564, 0.005926246, 0.026100118, 0.014836145, 0.032765433,
-0.004068306, -0.027290842, -0.011448741, -0.024580918, 0.020406542, -0.00022518537, -0.020201245, 0.03312128,
-0.017833484, 0.009710558, 0.013631734, -0.002800596, -0.0036508685, -0.0067850724, 0.012571032, -0.01119554,
0.019667473, 0.010928654, 0.0051905974, -0.011243443, 0.010613865, -0.03733672, 0.0048347493, 0.0011650616, 0.040676218,
0.015890004, 0.014959323, 0.0017373275, -0.013371691, 0.023362821, -0.041168932, -0.0065797754, -0.0061075916,
-0.02893322, -0.0030794581, -0.02025599, -0.025689524, -0.02792042, 0.0039690793, 0.018257765, 0.00354822, 0.0071374993,
-0.008020277, -0.006637943, -0.012331518, -0.01866836, 0.025593719, 0.0040135602, 0.013522242, 0.00671664, 0.003602966,
0.006528451, -0.0025063367, -0.004790268, 0.0068774563, 0.032135855, 0.024840962, -0.017231278, -0.0014037197,
0.0012266508, -0.010333292, -0.010278546, -0.020680271, 0.017942976, -0.02025599, -0.010312763, -0.009833736,
-0.022623751, -0.018873656, 0.010531747, 0.012755799, 0.010969714, -0.0044515277, -0.014261313, -0.0035447984,
0.03476366, -0.014220253, -0.0066310996, 0.017682932, -0.02103612, 0.0028946905, 0.0011009063, 0.0034832093,
-0.0010102333, 0.01539729, 0.019694844, -0.0065797754, 0.018422002, 0.025128378, 0.017833484, -0.010511217,
0.0024806745, 0.004944241, 0.028549997, 0.009306806, -0.006285516, -0.02562109, -0.0010547144, 0.0022770881,
-0.016013183, -0.017505009, -0.0040238253, -0.002278799, -0.0064189592, 0.012632621, -0.009655812, 0.0171081,
-0.010552276, -0.006531873, -0.025648464, 0.011647195, -0.005960462, 0.009211001, -0.021501461, 0.0010718225,
-0.013364848, 0.007965531, -0.0032026363, 0.007342797, 0.014206567, -0.0008134902, -0.010401725, -0.015657334,
0.021556206, -0.015575214, -0.004355722, -0.026373846, 0.0069664186, -0.00443442, -0.007123813, 0.019037893,
0.017546067, -0.008389812, -0.011660881, 0.010997087, 0.00038151065, -0.011633508, -0.023225958, 0.030849326,
-0.0021847044, -0.005854392, 0.0072675208, -0.024840962, 0.015479409, -0.036597647, 0.012701053, 0.013070589,
0.00016327543, 0.008451401, -0.0298639, 0.015260425, 0.0019776963, -0.029206948, -0.00783551, -0.0013301548,
0.0027475609, 0.016245851, -0.005214549, -0.024608292, -0.0077054882, -0.022226844, 0.017121786, -0.0066618943,
0.0032488282, 0.01343328, 0.013488026, 0.021378282, -0.0045336466, -0.011777217, -0.018326197, -0.015684707,
-0.008095553, -0.050886333, -0.010230644, -0.042044867, 0.06804918, 0.0011274238, -0.0135838315, -0.011674567,
-0.0060083647, -0.046315048, -0.0130432155, 0.0196401, 0.013186923, 0.03741884, -0.0011248576, 0.007178559, 0.035694342,
0.004557598, 0.028029911, -0.025867447, 0.018805224, 0.015835257, -0.008656698, -0.003691928, -0.0127078965,
-0.016670132, 0.010921811, 0.023622865, 0.013611205, -0.01398074, 0.04549386, 0.0020409964, 0.0016594857, 0.0035413767,
0.013727539, -0.003890382, -0.0020871882, -0.004680776, -0.044973772, -0.010716514, 0.007520721, -0.00830085,
0.0011967116, 0.0035413767, -0.0008785009, 0.002224053, 0.004855279, 0.0053445706, -0.027167663, -0.0005260741,
-0.020748705, 0.030767208, -0.012310989, 0.0024618555, 0.012653151, 0.013816502, -0.0060083647, 0.0027407177,
-0.0027338744, -0.011825119, -0.009676342, 0.02811203, -0.017094413, -0.008950958, -0.012817388, 0.0011317008,
-0.002378026, -0.010073249, -0.00828032, -0.009806363, -0.012009886, 0.0023369666, -0.0042257006, -0.020009633,
-0.012420481, -0.007151186, -0.0023574962, -0.004571284, -0.012940567, 0.0053753653, -0.028796354, -0.008061336,
0.028221522, 0.0004223562, -0.00074163615, -0.010312763, 0.018408315, 0.009450515, -0.0040135602, 0.21591792,
-0.008191358, -0.009471044, 0.028741607, 0.019503234, 0.008478775, 0.032135855, 0.002405399, -0.016533269, 0.016273225,
-0.016163733, -0.00086096517, -0.023225958, -0.00758231, 0.011578762, 0.001873337, -0.016013183, -0.027824614,
-0.01885997, -0.01683437, 0.014439236, 0.0025696366, -0.013946523, -0.0017176532, -0.009621596, 0.019243192,
0.007910785, 0.01582157, 0.038677994, -0.00015889147, -0.027988851, 0.010504373, -0.010880752, 0.0039485497,
0.00057012745, -0.015766826, 0.014247626, -0.04549386, 0.02107718, 0.004044355, -0.0028844257, 0.010175898,
-0.020050693, -0.00045079843, 0.012201497, 0.023458626, 0.006774808, 0.0003558485, 0.02756457, 0.009772147,
-0.024676723, -0.021939429, 0.025963252, 0.0059159813, 0.0061897105, -0.0065763537, 0.011914081, 0.00038407685,
-0.0044617928, 0.008020277, 0.028905846, 0.0308767, -0.036844004, 0.00031179513, -0.0066208346, -0.00906045,
-0.004971614, 0.03060297, 0.002610696, -0.0046876194, 0.003043531, -0.026278041, -0.016779624, -0.0032265878,
-0.0013233116, -0.013070589, 0.009005704, 0.040922575, 0.018832596, 0.035229, -0.019188445, -0.032765433, 0.029070083,
-0.015000382, 0.019941201, 0.0043899384, 0.031944245, -0.007958688, -0.0011984224, -0.011209227, -0.008622482,
-0.018298823, 0.0024909393, -0.0048073763, 0.008944115, 0.012933724, 0.01079179, 0.020160185, 0.0021008747,
-0.0019503235, -0.025210496, 0.023376508, 0.02511469, 0.010607022, -0.022254217, -0.016396403, 0.010456471, 0.025730582,
0.028358387, -0.0017159424, 0.006247878, -0.034654167, 0.014206567, -0.006997213, -0.0067816507, 0.017942976,
0.002177861, -0.019434802, 0.026305415, -0.009539477, -0.018175645, -0.03514688, -0.0016406669, 0.009074137,
0.004923711, -0.03911596, -0.016861744, -0.007883413, -0.024320874, -0.032217976, 0.039991897, 0.0070211645,
0.015534155, -0.026059058, -0.012790016, -0.027934106, 0.018025095, -0.0025867447, 0.0016945574, 0.009909011,
-0.0057449, 0.007342797, -0.029042711, -0.010114308, -0.012201497, -0.009943228, 0.030219749, -0.0029135095,
-0.007548094, 0.0028211258, -0.010169054, -0.010832849, 0.0033737174, -0.024129264, 0.034982644, -0.018449375,
-0.01341275, -0.0342162, 0.010333292, 0.0074728183, -0.029781781, 0.013843874, 0.026223296, 0.021364596, -0.0031119634,
-0.009655812, -0.17529644, 0.010477001, -0.0015688128, -0.0073085804, 0.027085545, -0.0034318848, 0.023239644,
0.021323536, -0.008861996, 0.0014353696, 0.005142695, -0.012475227, -0.02912483, 0.005625143, 0.0044960086, 0.033148654,
0.01347434, 0.003774047, 0.021829937, -0.009703714, 0.021912055, 0.0027715121, 0.015479409, 0.018476749, -0.010203271,
0.010107466, -0.013070589, 0.016902803, -0.018244078, -0.014863517, -0.0041025225, -0.002422507, 0.016054241,
0.02893322, 0.0062684077, -0.003664555, -0.0018955775, 0.011619822, -0.025908507, 0.011400838, 0.0009118617,
0.020228617, -0.016670132, 0.0037843117, -2.8442217E-05, 0.013446967, 0.005611457, 0.0020033584, 0.012721583,
-0.011558233, 0.03372349, -0.021829937, -0.0035721713, -0.0075686234, 0.011476113, 0.016163733, -0.016738566,
-0.023882909, 0.012844762, -0.021364596, 0.011838805, -0.034243573, -0.007411229, -0.011435054, -0.01368648,
-0.015835257, -0.00251318, 0.030165002, -0.027715122, 0.016259538, 0.0019212397, -0.019995948, 0.0061726025,
-0.014548728, 0.009306806, -0.005170068, -0.01582157, 0.022473201, 0.035502728, -0.001216386, 0.0028502096, 0.032245345,
-0.02507363, 0.01621848, -0.0030144472, -0.023513373, 0.007979218, 3.854669E-05, 0.0033206823, -0.022883795,
0.0049921437, -0.019243192, -0.01776505, -0.014014956, 0.027044484, 0.017409204, -0.0042941333, -0.012769486,
0.014576102, -0.022856422, 0.018052468, -0.004845014, -0.018298823, 0.017217591, 0.03309391, -0.006087062, 0.0069287806,
0.022569006, 0.018203018, -0.009512104, -0.032765433, 0.0022616908, 0.042017493, 0.013303258, 0.017039668, 0.032300092,
0.02219947, -0.02690762, 0.0011873022, 0.017587127, 0.009915855, -0.0048587006, -0.02367761, -0.016163733, -0.014986696,
0.0028878474, -0.10522166, -0.052583456, 0.0007818402, -0.002080345, -0.011818276, 0.019393742, 0.0030777473,
0.02787936, 0.0060939053, 0.036652394, 0.01594475, -0.0125025995, 0.0037261443, -0.010648082, 0.020201245, -0.021610953,
-0.014302372, -0.023595491, -0.009382082, 0.019653786, -0.010127995, -0.011797746, -0.012488913, -0.008020277,
0.008444558, 0.0021060072, -0.022897482, -0.010627552, 0.016232165, 0.0104701575, 0.009402612, -0.009888482,
0.008362439, -0.013597518, 0.006141808, 0.00028378062, -0.018476749, -0.021172985, 0.022637438, -0.013139021,
-0.0054711704, 0.023732357, 0.028166777, -0.05014726, -0.0020016478, -0.0025816122, -0.017518695, 0.024813589,
0.027851988, -0.016683819, -0.03903384, -0.019120013, -0.035749085, -0.027934106, 9.484303E-05, -0.015123561,
0.010784946, 0.006986948, -0.03837689, -0.027619317, -0.0059125596, -0.0149456365, 0.0034541255, 0.010189584,
0.02469041, 0.010826006, -0.016150046, -0.015506782, 0.0102238, -0.011578762, -0.010716514, 0.024047146, -0.027482452,
0.013665951, -0.030466104, -0.015958436, -0.013953366, 0.006206819, 0.0012771197, 0.002285642, -0.0009674631,
-0.012564189, -0.0006706375, 0.0016466547, 0.034791034, 0.012851605, 0.002405399, 0.008205045, -0.012625778,
-0.015260425, 0.02912483, 0.03052085, 0.01932531, 0.009662655, -0.018928401, 0.0044720573, 0.0014815615, -0.025538972,
0.00039883258, 0.033969846, -0.008957801, -0.012242557, -0.06290306, -0.004629452, -0.0003785167, -0.0074591315,
0.018257765, -0.016314285, 0.02585376, -0.006802181, 0.021282477, -0.008362439, -0.026360162, -0.007315424,
-0.005351414, 0.0075891535, 0.0106001785, -0.014685594, 0.0288511, -0.012454697, 0.013597518, 0.008191358, -0.019256877,
-0.028604744, -0.002116272, 0.0034643903, -0.0010376063, 0.0003847184, -0.022281589, 0.022692185, -0.023362821,
-0.003277912, 0.027071858, -0.012167281, 0.032683313, 0.015780512, -0.0057038404, -0.021665698, -0.031205175,
0.024471426, 0.0005102491, 0.024936767, -0.013070589, -0.007787607, 0.027441394, -0.031232547, -0.021624638,
-0.025032572, 0.009087822, -0.00058638013, -0.00037530894, 0.005844127, 0.027550885, -0.0035379552, -0.02959017,
-0.014165507, -0.024854649, -0.024758842, 0.019954888, -0.004095679, -0.017436575, 0.0063265753, 0.0492987, 0.004636295,
0.014795085, -0.0061110132, 0.013679637, -0.006412116, -0.018640986, 0.0038390576, -0.009785834, -0.01664276,
0.01024433, -0.004068306, 0.013795972, 0.021487774, 0.024348248, -0.006329997, -0.0046431385, -0.0031906606,
-0.024704097, 0.030192375, 0.003818528, -0.008471931, -0.025538972, 0.011633508, 0.01947586, 0.0016372452,
-0.0013925993, -0.024252443, -0.01119554, 0.015315171, -0.013207453, -0.0065934616, 0.012920037, -0.0031119634,
0.004547333, 0.01343328, 0.008081866, -0.01890103, -0.011270816, 0.02640122, 0.025511598, -0.008841466, -0.02333545,
-0.022226844, -0.017203905, 0.013754913, -0.0066413647, -0.008047651, 0.019927515, 0.02126879, 0.026428593,
0.0050195167, -0.005392473, 0.0013891777, -0.012044103, 0.0065660886, 0.017505009, -0.028987965, 0.0002728742,
0.050968453, -0.007301737, 0.017628187, 0.026004313, -0.016806997, 0.036679767, -0.01909264, -0.009176785, -0.039417062,
-0.0027407177, -0.013152707, -0.011058676, 0.008205045, -0.0128379185, -0.020721331, -0.015506782, 0.0060494244,
0.0052385004, 0.032382213, -0.016355343, 0.06815867, 0.015356231, -0.0068227104, 0.0141244475, 0.013152707, 0.011674567,
0.0066721593, -0.015246739, 0.005464327, -0.034708913, 0.0036440254, -0.011051833, -0.0014593209, -0.0196401,
0.0024704097, -0.035092134, 0.018791538, 0.022897482, -0.020119125, -0.0031821067, 0.019954888, -0.0036850849,
0.006213662, -0.009156255, -0.013104805, 0.010627552, 0.012009886, 0.010483844, 0.0011821698, -0.028686862, 0.007493348,
-0.004756052, -0.02219947, 0.008362439, -0.017505009, -0.004595236, 0.020119125, 0.009046763, 0.0015012358, 0.021501461,
0.0053069326, -0.0072812075, -0.014712966, -0.044179957, 0.007301737, 0.03246433, -0.014452923, -0.020912942,
-0.031314667]
	},
	{
		"Name": "CodeMash 2024 Makerspace/Hardware Tickets Now Available",
		"Url": "https://codemash.org/codemash-2024-makerspace-hardware-tickets-now-available/",
		"Embeddings": [0.004280544, -0.0026141263, 0.0037556046, -0.043545287, -0.021984028, 0.011886876, -0.00866678,
-0.05126788, -0.018644147, -0.015360635, 0.03666823, 0.01885553, -0.015797498, -0.011795277, -0.0038718665,
-0.011337276, 0.013176324, -0.0041783745, 0.0005689776, -0.004248836, -0.0059046843, 0.01490968, 0.018052269,
-0.022181321, -0.022449074, 0.0010067205, 0.010216936, -0.011858691, -0.004315775, 0.009928043, 0.024633385,
-0.0044073747, -0.000113509275, -0.022026304, -0.038021095, -0.0026475957, 0.0017553753, 0.018982362, 0.01654439,
-0.0016091674, 0.01889781, 0.02139215, 0.025464833, -0.013528632, -0.030862194, 0.011809369, -0.013669556, 0.0041325744,
-0.012161677, 0.0363582, 0.021490796, -0.015050604, -0.01769996, -0.0007605452, 0.00540793, -0.007905794, 0.03556903,
0.033624288, -0.0021490797, -0.015360635, 0.02115258, 0.0021913566, -0.033004224, 0.014994234, 0.014811034, 0.01011829,
0.0024009799, -0.00848358, -0.0065599773, -0.035174444, -0.01002669, 0.0058729765, 0.016657129, -0.030946746,
0.016516205, -0.015078789, -0.021053934, -0.0060385615, 0.033596102, 0.004294636, 0.0062147155, -0.010787675,
-0.0046821753, -0.0031038346, 0.003186627, 0.0056968224, -0.0034350043, 0.00671147, -0.018559592, -0.0026405496,
0.018489132, 0.036893707, -0.0008798896, 0.0050450526, -0.00045888135, 0.034216166, -0.052282527, 0.042727932,
-0.018263653, -0.008265149, -0.017883161, 0.0036569585, -0.00489356, -0.025986249, 0.0124858, -0.0060914075,
0.006922855, 0.009174104, 0.008772473, 0.014430542, -0.01757313, 0.030805822, 0.0016734636, -0.041121405, 0.014155741,
-0.01127386, 0.00945595, -0.016192082, -0.028086005, -0.023421444, 0.037908357, 0.03272238, 0.03666823, -0.0022900028,
0.01490968, 0.00026533206, -0.022223597, 0.00022789932, 0.02842422, -0.0026969188, -0.007630994, -0.022998676,
-0.016882606, 0.01318337, -0.004548298, 0.028297389, -0.025422554, 0.012711277, -0.02539437, -0.031341333, 0.00796921,
-0.010343767, 0.0036322968, -0.012196908, -0.012380108, 0.013366571, 0.0027938036, 0.01994064, -0.009991459,
0.018038176, 0.0074759787, -0.015896143, -0.02623991, 0.00017681465, 0.020955289, 0.00095827813, -0.036611862,
-0.010223982, 0.007148332, -0.0057109147, 0.0075182556, 0.009815305, 0.016262544, -0.011196353, -0.0025295725,
0.04067045, 0.035766322, -0.0066973777, -0.003508989, 0.004157236, 0.012760601, 0.006010377, -0.036442753, 0.0054713455,
0.025478924, 0.020081563, -0.011287953, 0.0038753895, -0.013930264, -0.013232694, -0.01206303, -0.0097448435,
0.00069933163, 0.059187766, -0.028466497, -0.024464278, -0.0021068025, 0.004062113, 0.00312145, 0.007616902,
0.0007984183, 0.014698296, -0.0052247294, 0.0049146987, -0.6191604, -0.019898364, -0.017009437, -0.017897254,
-0.009061365, 0.0021068025, 0.028255112, 0.011893922, -0.029678438, 0.031341333, 0.031256776, 0.008737242,
-0.0011802323, -0.019461501, 0.0057813767, -0.02642311, 0.013084725, -0.03903574, -0.018334115, 0.0053515607,
-0.018038176, 0.015233804, 0.010252167, 0.004752637, -0.006929901, -0.006101977, 0.014247341, 0.008455396, -0.010294444,
-0.0029928577, 0.0029312037, 0.009491181, 0.041375067, -0.0041748513, 0.034864414, 0.006147777, -0.0044355593,
0.038753893, 0.015276081, 0.061611645, -0.03968399, -0.015727036, 0.021603534, -0.0035424584, 0.016981252, 0.009427765,
-0.0049957293, 0.022843659, -0.02109621, -0.03145407, -0.0119643845, 0.014127556, -0.033173334, 0.009406627,
0.008053764, -0.013134047, 0.03768288, -0.004107913, -0.018756885, 0.017643591, -0.0038789127, 0.013613187,
-0.0011960862, -0.019376947, 0.0142191565, -0.017446298, 0.00466456, -0.01281697, -0.0015043557, -0.010766537,
0.026578126, 0.020462057, -0.030918563, -0.031200409, -0.006383823, 0.027226374, -0.005580561, -0.009096596,
-0.03582269, 0.019531963, 0.0046081906, 0.00512256, -0.010421274, -0.0060033305, 0.019729255, -0.0013299632,
-0.003981082, -0.013704786, 0.02818465, 0.027339112, -0.00077595864, 0.022745013, -0.0025330954, -0.009019088,
-0.028015543, -0.011407738, -0.00945595, 0.026986804, 0.017164452, 0.0018214331, -0.009625059, -0.008420165,
0.020504333, -0.018799162, 0.03303241, -0.007574625, -0.007849425, -0.009998505, 0.017854976, -0.013690694,
-0.013162232, -0.00884998, -0.02109621, 0.01360614, -0.0054008835, -0.032158688, 0.027719604, 0.020391595, 0.013641371,
-0.009033181, 0.013627279, -0.003952897, -0.0077366866, 0.00782124, -0.008772473, 0.0027585728, -0.0032112887,
-0.009300935, -0.015811589, 0.0019042254, -0.023055045, 0.009603919, 0.0046892213, -0.013930264, 0.019912455,
0.022209505, 0.01569885, -0.022829568, 0.0029699577, -0.010759491, -0.0022829566, -0.009674381, -0.0056580687,
-0.010252167, -0.015064696, -0.023365075, -0.021251226, -0.0005443161, 0.0034473352, 0.008864073, 0.0024784878,
-0.0002468359, 0.02071572, -0.002906542, -0.00410439, -0.0022142567, 0.00045491787, 0.0017941291, -0.016079344,
-0.0026282186, 0.011097706, 0.0040444974, -0.03556903, 0.010836998, -0.028311482, 0.011633215, 0.009484135, 0.023928769,
0.009307981, -0.020898918, 0.008561088, -0.0043087285, -0.018799162, -0.009681428, -0.0137822945, -0.013119955,
0.0010657321, 0.017108083, -0.026704956, -0.004935837, 0.003977559, 0.0055699917, -0.019221932, 0.035597213, 0.02412606,
0.030354869, 0.020941196, 0.010061921, -0.0024326877, 0.023661014, 0.01514925, 0.031594995, 0.013317248, 0.014754665,
-0.02339326, -0.007941025, -0.0052282526, -0.011541614, -0.013866848, 0.03260964, -0.006834778, 0.0172631, 0.028396036,
-0.0077155484, 0.0012128208, -0.025013877, -0.00489356, -0.012034846, -0.0031179271, 0.022139043, 0.029593883,
-0.03655549, -0.008251056, -0.017249007, 0.009871674, 0.003010473, -0.0062006232, 0.027198188, -0.03229961,
-0.0006473662, 0.00244678, -0.027649142, 0.02721228, -0.016333004, -0.020335225, -0.010364905, 0.01309177, 0.023407353,
0.0059927613, -0.008589272, -0.01514925, -0.009681428, 0.011809369, 0.009399581, 0.035174444, 0.0014708865, -0.01351454,
0.00095387426, 0.042615194, 0.027733697, 0.020814365, 0.0015069981, 0.0033962505, 0.0019007024, -0.009575735,
-0.01309177, 0.024492461, 0.009498227, -0.016022975, 0.042051498, 0.00084421836, 0.011062476, -0.01981381, 0.002906542,
0.0004062553, -0.011872784, 0.0001053071, 0.0033504504, 0.028536959, 0.0072505013, -0.004544775, 0.014825126,
0.00242388, -0.0062429, -0.040388606, 0.007525302, 0.0072223167, -0.015628388, -0.0025912262, -0.0017941291,
0.010914506, -0.014529187, -0.004632852, -0.004460221, 0.007849425, -0.019644702, 0.0017421637, -0.011879831,
0.006831255, 0.011294999, -0.040698636, -0.03255327, 0.014698296, 0.013141094, -0.0058095613, -0.019433316,
-0.012147585, -0.017488576, 0.018615961, 0.0077789635, 0.0010886322, 0.018503223, 0.019447409, -0.008088995,
-0.0028501728, -0.028973822, 0.030101208, 0.005767284, 0.00050864485, 0.013627279, -0.013317248, 0.0079269335,
-0.024097877, -0.042248793, 0.028790621, -0.005143699, -0.017206728, -0.015811589, -0.0015580828, 0.009632104,
0.028325574, 0.02157535, -0.009773028, 0.004019836, 0.006415531, -0.0077225943, -0.001775633, 0.0015025942,
-0.009751889, -0.0057320534, -0.009913951, 0.0018654716, -0.013683648, -0.012098261, 0.099999145, -0.004368621,
0.019475594, 0.039543066, -0.018925993, -0.008258102, -0.026704956, -0.010153521, 0.03618909, 0.0033592582, 0.017911345,
0.0032077655, -0.0015739365, -0.006101977, 0.0024221183, -0.0056016995, 0.008448349, 0.012739462, 0.014078233,
-0.018376393, -0.0026599264, 0.0009239281, -0.008709057, 0.0110906605, 0.032496903, -0.0028167036, 0.029960284,
0.03492078, -0.015783405, -0.025521202, 0.0022424413, -0.011922107, 0.003228904, -0.009632104, 0.006929901, 0.018996455,
0.020898918, 0.036583677, 0.018813254, 0.014444633, 0.001787083, 0.013070632, 0.00908955, -0.012387154, -0.0032570888,
-0.01467011, 0.00066718354, -0.0056228377, -0.008413118, -0.020335225, 0.020025194, 0.026014432, -0.029368406,
0.0059645767, -0.0060949307, 0.008554041, 0.007743733, -0.035174444, -0.0031161655, -0.016022975, -0.013486356,
-0.016149806, 0.019884272, 0.0066093006, -0.025732586, 0.0006227046, -0.006788978, 0.011217491, -0.031735916,
-0.0073773325, -0.0036146815, -0.015656574, -0.021180766, 0.0062499465, 0.00063415465, -0.0129085705, 0.018869624,
0.011027245, 9.9582096E-05, 0.0036217277, 0.004565913, -0.026733141, 0.018996455, -0.018925993, -0.011104752,
0.018700516, 0.013359524, 0.004886514, -0.0063485927, 0.009730751, 0.0053409915, 0.0017324752, 0.007588717,
-0.014613741, -0.024746124, 0.033229705, 0.009716658, 0.03757014, -0.00932912, -0.006926378, -0.0024837723,
-0.022815475, -0.0059998077, -0.00092480885, -0.015853867, 0.0034579043, -0.01702353, 0.0014338942, -0.0068629626,
-0.008251056, 0.0031108807, -0.025958063, 0.010456505, 0.0065599773, 0.024901139, -0.012055985, -0.025521202,
-0.0014338942, -0.009920998, -0.010076012, 0.0047350214, -0.026437202, 0.021265319, 0.0054889605, -0.012788786,
0.01048469, -0.011957338, -0.037175555, -0.028381944, -0.0037098047, -0.03187684, 0.056763887, 0.0032958426,
-0.03393432, 0.01145706, -0.032468718, -0.007863518, 0.011548661, -0.022702737, 0.010231028, -0.011583892, -0.008377887,
0.027014988, -0.000204669, -0.01751676, -0.026592217, -0.027705511, -0.008554041, -0.014796942, 0.021237135,
0.004076205, 0.0236892, -0.027423665, -0.025591662, 0.0061971, -0.016614852, -0.01169663, -0.01300017, 0.024478368,
0.033624288, 0.02934022, 0.023646923, 0.0029963807, -0.005844792, 0.016769867, -0.007525302, 0.008222871, -0.0007169471,
-0.013577956, -0.008532903, -0.0022970492, 0.010639706, -0.016516205, 0.012831062, 0.021645812, 0.020504333,
0.018686423, -0.0017729907, -0.0036921892, -0.026888156, 0.01533245, -0.008399026, -0.009364351, 0.026507664,
-0.023900583, -0.0055030533, 0.030073022, 0.002899496, 0.006320408, -0.008730195, 0.015318357, -0.021476705,
0.052395266, -0.0035776892, 0.035794508, 0.027043173, 0.00851881, -0.043883502, -0.008751334, -0.0106185675,
0.022392705, -0.006493039, -0.012640816, 0.015360635, -0.02976299, 0.030608531, -0.015318357, -0.0049569756,
-0.012309646, -0.01593842, -0.022759106, -0.03883845, -0.027071357, -0.009012043, -0.0077014556, 0.0012101785,
0.0076450864, 0.008180595, -0.019419225, 0.008927488, 0.016713498, -0.019503778, 0.016333004, -0.016318914, 0.01702353,
0.04250245, 0.01793953, -0.0059187766, -0.014338941, -0.01575522, 0.020828458, 0.03252509, 0.05205705, -0.013359524,
-0.007941025, 0.0030386576, 0.0007631875, -0.012774693, -0.046561044, 0.025422554, -0.022900028, 0.004706837,
-0.01588205, -0.013824571, -0.02223769, -0.0028695497, 0.01296494, -0.013296109, 0.007666225, -0.025563478,
-0.021194857, 0.0021526027, -0.014402357, 0.02254772, 0.012408293, -0.0065987315, 0.0022723875, 3.360689E-05,
0.00256128, -0.007863518, 0.017981807, 0.010611521, 0.0014585557, 0.034892596, 0.027437758, -0.002147318, 0.027043173,
0.0028589806, 0.025803048, 0.03241235, 0.008990903, -0.019588333, -0.0059575303, 0.003995174, -0.00086007226,
0.0053092837, -0.008469488, -0.03926122, -0.025577571, -0.0054396377, 0.0024326877, 0.00020973344, -0.01490968,
-0.025591662, -0.005485438, -0.015811589, -0.00391062, -0.01867233, 0.016488021, -0.013303155, -0.015586112,
-0.0026335034, -0.0069052395, -0.0002820667, 0.004403852, 0.01727719, -0.014113463, 0.010083059, -0.031623177,
0.03883845, 0.011111799, 0.0012515746, 0.012577401, 0.0057426225, 6.402099E-05, 0.0010199321, 0.02109621, -0.016755775,
0.0010824668, -0.0057003456, 0.011760046, 0.0069017163, 0.0010859899, -0.00045623904, 0.027240464, 0.024689754,
0.0026793033, -0.003206004, -0.013951402, -0.018827347, -0.039909467, -0.00090631266, 0.0053445143, -0.016375283,
0.0068242084, -0.009434812, 0.0038260664, 0.018756885, -0.022871844, 0.005837746, 0.026676772, -0.0021349874,
0.0056862533, -0.012239184, -0.01612162, 0.0023939337, -0.01612162, 0.003685143, -0.030523976, 0.015867958,
-0.008610411, 0.026888156, 0.034328904, -0.0031232117, -0.029537514, -0.0067819315, -0.016798051, 0.0020292948,
-0.034385275, 0.00056237186, -0.04974591, 0.054706406, -0.013394755, -0.018009992, -0.020433871, -0.037654694,
-0.03582269, -0.005059145, -0.0013088248, 0.02484477, 0.028832898, -0.0014057094, 0.02018021, 0.02934022, 0.010195797,
0.032215055, -0.030073022, 0.0050309603, 0.019686978, 0.005111991, -0.00782124, -0.0019817334, -0.012711277,
-0.02291412, 0.029706622, 0.039909467, 0.006373254, 0.044165347, 0.0017148599, 0.0026405496, 0.01685442, 0.017136268,
0.008356749, 0.0008169145, 0.035343554, -0.014881495, -0.007962164, -0.004794914, -0.023604644, -0.0067290855,
-0.00866678, 0.008532903, 0.005795469, 0.018756885, 0.0063979155, -0.018052269, 0.01709399, -0.01715036, 0.031651363,
-0.006616347, -0.0042206515, -0.00493936, 0.024520647, -0.0046927445, -0.0049428833, 0.022463167, -0.0055664685,
-0.007144809, 0.014712388, -0.0023992185, -0.0021543643, -0.02429517, 0.007919887, 5.540596E-05, -0.031820472,
-0.026620403, 0.01636119, -0.016981252, 0.016657129, -0.0077366866, -0.021603534, -0.011097706, 0.008892258,
-5.845425E-06, -0.00942072, -0.031482253, 0.013873895, -0.020025194, 0.016149806, 0.013218601, -0.005548853,
-0.021688089, -0.00088605494, 0.025915787, 0.02109621, -0.008723149, 0.21420334, 0.0028854036, 0.008145364, 0.026859973,
0.016318914, 0.006746701, 0.004766729, 0.023365075, -0.010083059, 0.010681983, -0.012880386, 0.016192082, -0.040867742,
-0.0035019428, -0.011774138, 0.002519003, -0.0065670237, -0.059469614, -0.027381388, -0.00085875107, 0.01169663,
-0.00017604398, -0.0035125122, -0.018305931, 0.008730195, 0.0039493744, 0.0012595016, 0.013373617, 0.021702182,
-0.009653243, -0.0012357208, 0.013761156, -0.022082673, -0.0005909969, 0.0041818977, -0.0022353951, 0.012612632,
-0.009991459, 0.01975744, 0.0038859588, 0.007391425, 0.017685868, 0.011203399, -0.023421444, -0.007278686, -0.022279967,
-0.023534184, -0.009801213, 0.0049569756, -0.014515095, -0.018545501, -0.010942691, 0.028311482, 0.0071624243,
-0.010329675, -0.022688644, 0.0065177004, 0.017742237, -0.002075095, 0.017065806, 0.001987018, 0.028762436,
0.0007878491, -0.0005372699, -0.023139598, -0.0009926282, -0.027465941, -0.010696075, -0.014162787, -0.00471036,
0.0016382328, -0.025168894, -0.015952513, -0.009871674, -0.010590383, -0.022265874, 0.041008666, 0.020292949,
0.021363966, 0.04019131, -0.017446298, -0.010963829, 0.01388094, -0.020898918, -0.009047273, -0.020405687, 0.028071912,
-0.019052824, -0.019715164, -0.02291412, 0.022716828, -0.005869454, -0.0015748173, -0.0067502237, -0.009773028,
0.015417004, -0.0036675276, 0.036499124, 0.0035495046, 0.0074266554, -0.032102317, 0.04695563, 0.01136546, -0.008561088,
-0.02205449, -0.0022089721, 0.006362685, 0.024717938, 0.014895588, -0.010512874, -0.003244758, -0.030354869,
0.013909125, -0.012979032, 0.010829953, 0.026916342, -0.017629499, -0.0070391167, 0.015557927, -0.0058518383,
0.012781739, -0.01436008, -0.0027145343, -0.014043002, -0.018756885, -0.0146560185, -0.022857752, 0.010773582,
-0.012267369, -0.033793397, 0.018925993, 0.017742237, 0.0124364775, 0.00039304377, -0.013415894, -0.030354869,
0.019419225, -0.010583336, 0.007708502, 0.015529742, 0.012351924, 0.024816586, -0.01775633, -0.001580102, -0.016586667,
-0.013986633, 0.018038176, 0.009653243, 0.009991459, -0.022618182, -0.01099906, -0.008596319, -0.0059399153,
-0.042023316, 0.0072857323, -0.03252509, -0.0059082075, -0.024154246, 0.010400136, -0.00044412844, -0.009716658,
0.007187086, 0.019729255, -0.004358052, -0.03266601, -0.02254772, -0.18128367, 0.0005504815, 0.008990903, -0.030439423,
0.03399069, 0.0011687822, 0.018390484, 0.0043650977, -0.008342656, -0.020532519, 0.017559037, -0.013620232,
-0.018094545, -0.006884101, 0.045320917, 0.024436092, -0.013585002, 0.036978263, 0.032017764, -0.0018531408, 0.0367246,
0.0029541038, 0.014627834, -0.007007409, 0.012683093, -0.0044073747, -0.016135713, 0.001453271, -0.010534014,
-0.020123841, 0.002404503, -0.013098816, 0.013077678, 0.0047878674, 0.009413674, -0.02750822, 0.012309646, 0.0017721099,
-0.021857196, 0.009413674, 0.014571465, 0.02842422, 0.007106055, -0.012126446, 0.008159457, 0.02247726, 0.028128281,
-0.017770423, -0.010280351, -0.025309816, 0.044503562, -0.001541348, 0.003977559, -0.0025788955, 0.039176665,
0.010449459, -0.019489687, -0.021533074, 0.006373254, 0.01048469, 0.017375838, -0.014050049, 0.0010120051, -0.016953068,
0.012239184, -0.02429517, 0.012683093, 0.020039286, -0.015910236, 0.024661569, 0.010984967, -0.022660458, 0.008885211,
0.00559113, 0.00484776, 0.01114703, -0.014754665, 0.00806081, 0.022745013, 0.0048759445, 0.0057214843, 0.03266601,
0.002404503, 0.0053092837, 0.00067643163, -0.025788955, 0.002703965, -0.021321688, 0.015769312, -0.003938805,
-0.0024643955, -0.0013167517, -0.005848315, -0.0056968224, 0.021829013, 0.02242089, -0.022942306, -0.0060033305,
0.009047273, -0.031115854, 0.023999231, -0.00442499, -0.0037767433, 0.012387154, 0.015135158, 0.025422554, -0.026775418,
0.031905025, 0.001277117, 0.004629329, -0.02091301, 0.0071694707, 0.017981807, 0.041656915, -0.01509288, 0.034892596,
0.028889267, -0.02072981, -0.008018533, -0.022956397, 0.023252336, -0.021843104, -0.0030245653, 0.016657129,
0.026155356, -0.017671777, -0.089401715, -0.027677327, 0.011485245, -0.016882606, 0.0012022515, 0.005541807, 0.01035786,
0.030974932, -0.0123942, 0.018615961, 0.00377322, -0.024816586, 0.007532348, 0.013585002, -0.010378998, -0.0004130813,
-0.003646389, -0.011407738, -0.018249562, 0.020856641, -0.010407182, -3.8643797E-05, 0.014014818, -0.020152025,
-0.003470235, -0.002765619, -0.042220607, 0.005457253, 0.012795831, 0.016431652, 0.012619677, -0.020560702, 0.016798051,
-0.026380833, -0.0033152197, 0.0051754066, -0.015614296, 0.0013836902, 0.027733697, -0.02260409, -0.015459281,
-0.0014770519, 0.03387795, -0.00092128577, -0.0004835429, 0.0023692723, -0.01678396, 0.012295554, 0.021378057,
-0.046279196, -0.028086005, -0.025140708, -0.022434982, -0.006278131, 0.006584639, -0.032750566, 0.0007781606,
0.017375838, -0.03503352, -0.04709655, -0.018080454, -0.0016699405, -0.012006661, 0.019701071, -1.2289499E-05,
-0.012528078, -0.016149806, -0.03678097, 0.015628388, -0.020687534, -0.0011370745, 0.022251781, -0.008814749,
0.0013185132, -0.010717213, -0.018531408, 0.014289618, 0.0050908527, 0.030805822, 0.012140539, -0.0071553783,
-0.010266259, -0.00019321899, -0.009730751, 0.020447964, 0.013127001, 0.0028114188, 0.024943417, -0.0050098216,
-0.026972711, 0.022082673, -0.0006830374, 0.02381603, 0.0246052, -0.0029135882, 0.0092727505, 0.0047350214, -0.01388094,
0.023421444, 0.03255327, -0.03072127, -0.026747234, -0.08692146, 0.027564589, -0.0018689947, -0.013796386, 0.026014432,
-0.015219712, 0.0052705295, -0.02381603, 0.010773582, -0.004498975, -0.04526455, -0.0045800055, -0.0026141263,
-0.015459281, -0.01533245, 0.0010939167, 0.007313917, -0.00851881, 0.028311482, -0.008786565, -0.0049111755,
0.00018947572, -0.0015122826, 0.0027462419, -0.031820472, 0.0042206515, -0.0058306996, 0.007532348, 0.011076568,
-0.012013707, 0.025042063, -0.021829013, -0.009491181, 0.020941196, 0.011161122, -0.021251226, -0.026493572,
0.008469488, 0.020377502, -0.005108468, -0.01865824, -0.0069475165, -0.013859802, -0.016248452, -0.018432762,
-0.01860187, 0.00022547721, -0.017432207, 0.020039286, 0.014395311, 0.021913566, 0.0063415463, -0.012697185,
-0.03399069, -0.04410898, -0.016741682, 0.005890592, 0.0053938376, -3.6056535E-05, -0.030073022, 0.012055985,
0.013676601, -0.02339326, 0.020842548, 0.01048469, -0.022124952, -0.010005551, 0.0017844407, 0.0156002045, -0.018615961,
-0.009103642, -0.016586667, 0.01366251, 0.0020451488, 0.023195967, -0.019109193, -0.011217491, 0.0023481338,
-0.01654439, 0.024450185, -0.0088006575, -0.005894115, -0.021504888, -0.005552376, 0.032384165, 0.009928043,
0.0074689323, -0.027775973, -0.025182985, 0.012584447, -0.0005315449, 0.0060808384, 0.0021596488, -0.00070505665,
0.019461501, 0.018320022, 0.005791946, -0.009829397, 0.015135158, 0.007398471, 0.027367296, 0.004551821, -0.021547165,
-0.026084894, -0.017869068, 0.000278984, 0.006056177, -0.017925438, 0.020447964, 0.0020768566, -0.0025982724,
-0.008349703, -0.009498227, 0.006722039, -0.028029636, 0.025168894, 0.0065423623, -0.022223597, -0.03255327,
0.043291625, 0.006373254, 0.0069580856, 0.017291283, -0.0069792243, 0.029706622, -0.03472349, 0.018714609, -0.002557757,
0.017432207, -0.011337276, -0.010689029, 0.0018566638, -0.020532519, -0.03204595, -0.0030439424, 0.008342656,
-0.0012004899, -0.0005610507, -0.0070426394, 0.09909723, 0.00047341405, -0.0076944097, 0.013859802, -0.0019958257,
0.005837746, 0.004587052, -0.01169663, -0.010681983, -0.018094545, 0.0021085641, 0.0064366697, 0.010822906,
-0.022068582, -0.010534014, -0.025901694, 0.0004016313, 0.026254002, -0.01939104, -0.018827347, 0.022026304,
0.0021367487, 0.0147264805, 0.014796942, -0.030918563, -0.0026933956, 0.036809154, 0.0039141434, 0.001905987,
-0.03931759, -0.0051859757, 0.009448905, -0.024407908, -0.0018989409, -0.014395311, -0.0018390485, 0.0045236363,
0.0018496177, 0.02005338, 0.004678652, 0.013098816, 0.014198018, -0.015501558, -0.029791176, -0.012041892,
-0.0035142736, -0.0054889605, -0.0061724386, -0.014627834]
	},
	{
		"Name": "KidzMash 2024 Ticketz!",
		"Url": "https://codemash.org/kidzmash-2024-ticketz/",
		"Embeddings": [ -0.00038086224, 0.0045677633, 0.0070238835, -0.027930185, -0.026083788, 0.0008034923, -0.015570355,
-0.028963616, -0.011898231, -0.010403202, 0.019690298, -0.006617401, -0.004605656, -0.004467865, -0.0132485805,
-0.0062178075, 0.007178898, -0.01726518, -0.0064107147, -0.018202158, 0.018147042, -0.006824087, -0.0018722318,
-0.020200124, -0.029597454, 0.014206226, 0.0035153865, 0.012352941, 0.00075440435, 0.016341982, 0.033731174,
-0.009252649, 0.0029159968, -0.018877333, -0.014578261, 0.011974016, -0.0017628605, -0.0169896, 0.023865357,
-0.0070824446, 0.014633378, -0.0049673566, 0.008749712, -0.0011987796, -0.015556576, 0.03306978, -0.0087152645,
-0.018532855, 0.008446573, 0.013062563, 0.016011285, -0.01638332, 0.009349102, -0.00364801, 0.0033517599, -0.033455595,
0.019993437, -0.0055805254, -0.006975657, -0.0063245953, 0.019469833, -0.0064107147, -0.0026094124, 0.018574193,
0.010671893, 0.00020485609, -0.035963386, 0.00025534348, 0.0042956267, -0.022142973, 0.014495587, 0.01043765,
0.016727798, -0.020337915, 0.016796693, -0.013283028, -0.022294544, -0.02250123, 0.027310127, 0.019456053, 0.011898231,
-0.011505527, -0.017692333, 0.013868639, 0.0037306845, 0.020241462, 0.03188478, 0.018326169, -0.015818378, 0.0044058594,
-0.0039201467, 0.024595648, 0.0026507496, 0.01117483, -0.028936056, 0.025298381, -0.01905646, 0.025436172, -0.002132312,
-0.012649191, -0.0018963452, 0.02874315, 0.01087169, -0.022997277, -0.0064279386, -0.017210064, 0.0015070863,
0.008990847, 0.007013549, 0.011822446, -0.025119254, 0.026386928, 0.0058905547, -0.04797874, -0.0056184176,
-0.012538958, 0.004226731, 0.009776253, -0.029432105, -0.008804829, 0.01459204, 0.024526753, 0.018064367, -0.012628522,
0.030506872, 0.0053600604, -0.023507101, -0.010072504, 0.02754437, -0.026400708, 0.024829892, -0.015349889,
-0.0012633689, -0.012022243, -0.0073649157, 0.028688034, -0.0036962368, -0.0036445654, -0.024030706, -0.02786129,
0.034475245, 0.013889307, 0.016135296, -0.008701486, 0.00491913, 0.0027747613, 0.03976641, 0.0012719808, 0.009369771,
0.010389422, 0.002478511, -0.0011384961, -0.02294216, 0.0072133457, 0.013193464, 0.031967454, 0.004364522,
-0.0030193399, -0.012015353, -0.0013357091, -0.019745415, 0.012931662, 0.009349102, 0.015473901, 0.0013115957,
0.033676058, 0.03662478, -0.01027919, -0.0007470842, -0.0032225812, -0.0009171697, 0.0023906694, -0.029018732,
-0.00038753648, -0.004057938, 0.02339687, -0.015625471, 0.0017809455, -0.02904629, -0.010961254, -0.02236344,
-0.00573554, -0.00923198, 0.04051048, -0.044561528, -0.008997736, 0.015363668, 0.011732882, -0.006693186, -0.017747449,
0.015873494, 0.03114071, -0.014399134, 0.008687707, -0.6195072, -0.015432564, -0.0136826215, -0.006355598,
-0.0068550897, 0.011760441, 0.010492765, -0.012173813, -0.007254683, 0.032711525, 0.010637446, 0.029514778,
0.00012228929, -0.03874676, -0.018670646, -0.02295594, -0.013351924, -0.039711293, 0.0138410805, 0.010265411,
-0.0136895105, 0.018808438, -0.004412749, -0.0018308946, -0.018050589, 0.010458318, 0.012029133, 0.012414946,
0.00081167364, 0.0054013976, -0.0035377776, 0.002106476, 0.024802335, -0.013048784, 0.032821756, 0.0057734326,
-0.009018404, 0.043596994, -0.011912011, 0.042715132, -0.03408943, 0.016300645, 0.04651816, 0.011691545, 0.026993208,
-0.0047606705, 0.00038473762, 0.012566516, -0.0027179224, -0.04660083, -0.020668613, 0.0054565137, -0.011099045,
0.0059766737, -0.0073924735, 0.0072133457, 0.003065844, -0.0048674583, 0.00051327056, -0.0058285487, -0.016066402,
0.015170761, -0.0048192316, -0.015584134, 0.013055674, 0.008515468, 0.010451429, 0.008308782, 0.014426691, -0.029018732,
-0.0057699876, 0.024003148, -0.017816344, -0.009183753, 0.0025801319, 0.026428265, -0.0057320953, -0.032821756,
-0.008398347, 0.0034671598, -0.017320298, 0.016286867, -0.00788852, -0.013593057, 0.023892917, -0.007475148,
-0.024196055, 0.009018404, 0.04613234, 0.018215938, 0.024058266, 0.016962042, -0.009900265, -0.031168267, -0.01206358,
0.0067793047, -0.02086152, 0.03158164, 0.017375413, -0.025353499, -0.025119254, -0.0063245953, -0.00088702794,
-0.013648174, 0.004915685, 0.0047882283, -0.04136478, -0.0048674583, 0.031168267, -0.031498965, -0.017154949,
-0.01788524, -0.01981431, -0.008543027, -0.008756602, -0.033428036, 0.0131039005, 0.020503264, 0.03442013, 0.004808897,
0.018808438, -0.0013658508, -0.00048786539, 0.008584363, 0.016176634, -0.0046883305, 0.007950527, -0.003306978,
-0.007275352, 0.0011384961, -0.014357796, -0.00774384, 0.0010566828, -0.02517437, -0.0055185193, 0.013944424,
0.019332042, -0.018229716, 0.020034775, -0.002590466, -0.01980053, -0.008281224, 0.0043472983, -0.028853383,
-0.022721695, -0.019566286, -0.019855646, 0.00035588766, -0.0054565137, 0.000640727, -0.019566286, 0.012649191,
0.009624684, 0.011457301, -0.011698435, -0.0117811095, 0.01667268, -0.018147042, -0.0020065778, -0.020599717,
0.017609658, 0.027075883, -0.03306978, -0.027833732, 0.0026249138, 0.027475476, 0.011209277, 0.018202158, 0.0032243035,
-0.025408614, -0.010017388, -0.013710179, -0.007840293, -0.0026455824, 0.008508579, -0.0052360483, 0.0022235983,
-0.0045746528, -0.028632918, 0.0066070664, -0.017444309, 0.012718086, -0.006448607, 0.0077851773, 0.0074131424,
0.029597454, 0.032573733, -0.006166136, -0.035715364, 0.04081362, 0.019621402, 0.023107508, -0.020048553, -0.0077851773,
-0.011946458, -0.010258521, -0.013207244, -0.024526753, 0.01028608, 0.029983267, 0.017334076, -0.0035153865,
0.011264394, 0.010713231, -0.006138578, -0.02160559, 0.0018670646, -0.026731405, 0.04004199, 0.0068860925, 0.02157803,
-0.025518848, 0.0034516582, 0.012463173, 0.009776253, 0.016162856, -0.009645352, -0.007916079, -0.04114432, 0.039518386,
0.014688494, -0.024843672, 0.03227059, 0.0026386927, -0.021977624, 0.0048536793, 0.022087857, 0.026386928,
-0.0023613889, -0.0045023127, -0.008501689, 0.0148676215, 0.013028115, 0.030589547, 0.030920245, 0.011815556,
0.0010739067, 0.012532068, 0.044919785, -0.011298842, 0.013586168, 0.027751056, 0.033400476, -0.0033224795, 0.009280207,
-0.032353267, 0.035990942, -0.0052498276, -0.0032156915, -0.0045712083, -0.0047606705, 0.022418555, -0.008157212,
-0.010334306, -0.006700075, -0.028247103, -0.0049466877, -0.0031364618, -0.007516485, 0.02188117, -0.0004844206,
-0.0035825595, 0.019910764, -0.010416981, -0.002338998, -0.011257504, -0.011429743, -0.021936288, -0.003530888,
-0.020833962, 0.0046297694, -0.0071720085, 0.009349102, -0.0077507296, -0.008598142, -0.016149076, -0.0027179224,
-0.024816114, -0.0036101176, 0.023493323, -0.010981923, -0.043431643, 0.013965093, 0.0084190145, -0.0008921951,
-0.019731635, -0.014950296, -0.022873264, 0.00013682191, 0.032849316, -0.026979428, 0.016769134, 0.009169974,
-0.013730848, -0.007275352, -0.027723499, 0.017251402, -0.011643318, 0.001563925, 0.01459204, -0.010051835, 0.014481808,
-0.015694367, -0.034805942, 0.017857682, -0.010864801, -0.003692792, -0.027296348, -0.0049535776, 0.0055047404,
0.01176733, 0.0034258226, 0.00041530994, -0.0048950166, -0.016231751, -0.0163971, 0.009397329, 0.0030348413,
-0.018698204, -0.020351693, -0.004870903, -0.015129425, -0.016341982, -0.0034516582, 0.099870734, 0.012435615,
0.005911223, 0.0055598565, 0.0014002984, -0.009169974, -0.029239196, -0.004006266, 0.024320068, 0.009652242,
-0.009397329, 0.0081227645, 0.0054117315, -0.0027213674, 0.0075853807, 0.007847183, -0.007916079, 0.0075784912,
-0.00017977387, 0.006744857, 0.011663987, -0.022887044, -0.016658902, 0.040482923, 0.024044486, -0.008818608,
0.001846396, 0.04527804, 0.0064417175, -0.03293199, 0.0048502344, 0.013124569, 0.009114858, 0.008329451, -0.024623208,
0.0074407007, 0.009914044, 0.013668843, 0.024802335, 0.0048743477, -0.014192447, 0.029680127, 0.00818477, -0.01802303,
0.008391457, -0.041585248, -0.007826515, 0.013145237, -0.0040613823, -0.040923852, 0.015349889, 0.0100311665,
0.0006058487, -0.005738985, -0.0035515565, -0.008301892, -0.013627505, -0.0029332205, -0.005273941, -0.017843902,
-0.0042852922, -0.039656177, 0.009452445, 0.013055674, -0.017306518, -0.021481577, 0.00759227, 0.003306978,
-0.008949509, 0.006193694, -0.023493323, -0.00085258024, -0.0351642, 0.005005249, 0.0076749446, 0.0016345427,
0.016714018, 0.0073786946, 0.012545847, 0.01787146, 0.013393261, -0.0193596, -0.010768347, -0.021440241, -0.011278173,
-0.005391063, 0.018339949, 0.0062591447, -0.017843902, 0.020020995, 0.0035791148, 0.024209835, 0.021674484,
-0.0013959926, -0.007330468, 0.007840293, 0.011257504, 0.012463173, -0.017554542, -0.006448607, 0.010492765,
-0.01861553, -0.014247564, 0.024829892, -0.025381057, 0.0026318033, -0.0020720284, 0.042852923, -0.021977624,
-0.009569568, 0.0045918766, -0.023865357, 0.014991634, 0.009169974, 0.016424658, -0.005821659, -0.019828089,
0.0048467894, -0.023355532, 0.023507101, -0.0038546962, -0.027875068, 0.015956169, 0.024416521, -0.028136872,
0.015418785, 0.0048536793, -0.010975033, -0.02217053, 0.016521111, -0.028412452, 0.03023129, -0.008067648, -0.019111577,
-0.00908041, -0.018560413, 0.02068239, 0.030451756, 0.0074682585, 0.0067276335, -0.024347626, 0.0005993898, 0.01043076,
-0.04315606, -0.010230963, -0.029762803, -0.031333618, -0.020902857, 0.007867852, 0.030286407, -0.019139135,
0.011746662, 0.00075354317, -0.019704077, 0.00983826, -0.023810241, -0.030451756, 0.018960007, 0.016066402, 0.040400248,
0.03188478, 0.010809684, 0.01548768, -0.002316607, 0.017182507, -0.007819625, -0.008742823, 0.03155408, 0.00238378,
-0.021357566, 0.002240822, 0.009893375, 0.002280437, 0.011505527, -0.00045729306, 0.032959547, 0.017678553,
-0.012862766, 0.0031571304, -0.033648502, 0.0128145395, 0.0072477935, -0.01162954, 0.014784947, -0.022446113,
0.00038172342, 0.004054493, 0.0081227645, 0.012938552, -0.009328433, 0.02189495, -0.024003148, 0.033014663,
-0.0028643252, 0.026731405, 0.024816114, -0.008777271, -0.034861058, -0.019221809, -0.009045962, 0.008556806,
0.004870903, 0.017733669, -0.008577474, -0.005497851, 0.0145644825, -0.01847774, -0.020282798, 0.0066484036,
-0.03874676, -0.012676749, -0.020062333, -0.0351642, -0.020613495, 0.006617401, 0.0053014993, -0.010478986, 0.017761227,
0.0012607854, -0.0032690854, -0.012290935, -0.027668383, 0.033648502, -0.010375643, 0.032821756, 0.029707685,
0.030754896, 0.009562678, 0.0070411074, -0.013475935, 0.011939568, 0.035660245, 0.04051048, -0.013041894, 0.0025801319,
0.013090122, -0.019042682, -0.027062103, -0.039077457, 0.012711196, -0.023824021, -0.00521538, -0.021991404,
-0.012180702, -0.01518454, -0.00012541111, 0.004257734, 0.008219218, 0.0027368688, -0.0070238835, -0.009934713,
0.03527443, -0.008797939, -0.0006613956, 0.012635412, 0.014481808, -0.0028643252, 0.0017464977, 0.0067276335,
-0.005587415, 0.004884682, 0.01133329, -0.0087152645, 0.026703848, 0.036679897, -0.0064968336, -0.008687707,
-0.013517273, 0.011567533, 0.02979036, 0.003477494, -0.008060759, -0.028191987, 0.0027971521, -0.0023579441,
-0.014812506, -0.012876545, -0.017775007, -0.016851809, 0.002137479, 0.009273318, 0.008315672, 0.017471867, -0.03053443,
-0.005408287, -0.031967454, 0.015322331, -0.023424428, 0.0072271246, -0.0473449, 0.004488534, -0.0063659325,
0.011601981, -0.0035050523, -0.0091424165, 0.021440241, -0.0047778944, 0.009280207, -0.014412913, 0.021826055,
-0.0069274297, -0.00952823, -0.0104652075, -0.010844132, -0.00027256733, -0.022404775, 0.01846396, 0.007612939,
-0.005081034, 0.014647157, 0.01697582, 0.0028643252, 0.0016931038, -0.00804698, 0.02518815, 0.001868787, -0.0030279518,
0.007943637, -0.027971523, 0.009417998, -0.018202158, 0.005201601, -0.006169581, -0.0075027063, 0.024113381,
-0.009507562, 0.0034482135, 0.008680817, -0.04632525, -0.01563925, 0.0055219643, 0.0016138741, 0.014261343,
0.0017947245, -0.031774547, -0.011595092, -0.018257273, 0.030561987, -0.007943637, 0.0120773595, 0.016135296,
0.026207801, 0.027930185, 0.009486893, -0.0077851773, -0.017609658, -0.007523375, -0.0154463425, -0.05095502,
-0.012821429, -0.037038155, 0.054620255, 0.00759227, -0.02160559, -0.022142973, -0.010830353, -0.036156293,
-0.0073786946, 0.004336964, 0.019883204, 0.033868965, -0.0069308747, 0.008983957, 0.0363492, -0.005707982, 0.033538267,
-0.031388734, 0.026634952, 0.036707457, -0.005067255, 0.011884452, -0.013985761, -0.020833962, -0.009521341,
0.035577573, 0.02339687, 0.014523145, 0.045746528, -9.688412E-05, 0.006717299, -0.0023975591, 0.020020995, 0.0061626914,
-0.014220005, 0.013620616, -0.047041763, -0.003253584, -0.022211868, -0.014412913, -0.0073029096, 0.0024096158,
0.01816082, -0.0064968336, 0.0072822412, -0.004943243, -0.01638332, -0.0046504377, -0.02398937, 0.048833042,
-0.007068665, 0.008536137, 0.00909419, 0.022735473, -0.0123736095, 0.0027764835, 0.0032019126, -0.034475245,
-0.033014663, 0.0030176174, -0.009039073, 0.003827138, -0.032243036, -0.00047279452, -0.0038099142, -0.015666809,
-0.0064038252, 0.010658114, -0.023162626, 0.0128145395, -0.0033586496, -0.031939894, -0.018339949, 0.024154719,
-0.011939568, -0.0062729237, -0.0016577949, 0.003679013, -0.011663987, -0.01847774, 0.017003378, -0.012938552,
-0.0068929824, -0.0100311665, 0.017141169, 0.0058285487, -0.0076473868, 0.20789868, 0.00953512, -0.011581313,
0.01997966, 0.019304484, -0.0021719267, 0.029073847, 0.02518815, -0.00714445, 0.018257273, -0.0128145395, -0.0063487086,
-0.0029607788, -0.008756602, -0.0052842754, 0.006393491, -0.023493323, -0.030038383, -0.025408614, -0.015405006,
0.008081428, -0.010003609, -0.0142889, 0.004526426, 7.476225E-05, 0.00878416, 0.004560874, 0.010210294, 0.018519077,
0.0084121255, -0.014385354, 0.025890881, -0.014247564, 0.005749319, -0.01236672, -0.020420589, 0.013710179,
-0.031939894, 0.037258618, 0.017223844, -0.0025525736, 0.01608018, -0.010478986, -0.012352941, 7.293221E-05,
0.0084190145, 0.006582953, -0.018822215, 0.024196055, -0.0036824578, -0.024209835, -0.012042912, 0.011581313,
0.014964076, 0.004157836, -0.01978675, -0.012635412, 0.0035653356, 0.0023786128, -0.00264386, -0.00035567238,
0.026703848, -0.03202257, -0.00439208, -0.0052636066, 0.0011677766, -0.0013004002, 0.011285062, 0.008363899,
-0.0148676215, -0.012421836, -0.05081723, -0.016341982, -0.008722154, -0.00051327056, -0.011891342, 0.023520881,
0.026786521, 0.020145008, 0.028605359, -0.0039511495, -0.023589777, 0.030782454, -0.015418785, 0.019566286,
0.0049983594, 0.027089661, -0.0023407203, 0.0011608871, -0.021908728, -0.02309373, -0.018932449, 0.0009033906,
0.008391457, 0.0069480985, 0.019483613, 0.010809684, 0.03337292, -0.0020875297, -0.008742823, -0.019456053, 0.02295594,
0.02057216, 0.005838883, -0.02115088, -0.0016362652, 0.0009154473, 0.024512975, 0.01727896, -0.008288113, 0.004150946,
-0.029817918, 0.012325383, -0.00461599, -0.003679013, 0.029569894, -0.011822446, -0.015253436, 0.018698204,
-0.009493782, -0.008377678, -0.040152226, 0.0003182105, -0.00878416, -0.014123552, -0.021826055, -0.016135296,
-0.0039959317, -0.011719103, -0.045856763, 0.023617335, 0.006452052, 0.026097568, -0.008246777, -0.018532855,
-0.047317345, 0.017485647, -0.009914044, -0.0042508445, 0.027516812, 0.0074269213, 0.030892685, -0.012098027,
0.0070548863, -0.023851579, -0.030148616, 0.03563269, -0.0033173123, -0.0076749446, -0.021426462, -0.008990847,
-0.015115645, 0.010892359, -0.033565827, 0.022101637, -0.028991174, -0.018064367, -0.01087858, 0.012938552,
-0.009452445, -0.025656637, 0.0052980543, 0.0098795965, -0.00024565507, -0.022928381, -0.015611692, -0.17593123,
-0.0037926903, 0.007550933, 0.004033824, 0.022749253, 0.002674863, 0.029514778, 0.0068171974, 0.004109609,
-0.0034068762, 0.011526196, -0.027833732, -0.030038383, 0.0034172107, 0.029514778, 0.030396638, -7.357811E-05,
0.0029194416, 0.023589777, -0.011078376, 0.033924084, 0.002733424, 0.021963846, 0.025794428, -0.006806863, 0.017912798,
-0.02008989, -0.0016018174, -0.0038030248, -0.0058629964, -0.032711525, -0.015901053, 0.010809684, 0.023300415,
-0.010520324, -0.00804698, 0.0004934631, 0.004753781, -0.024044486, 0.00997605, -0.016452216, 0.015694367,
-0.0072133457, -0.0085636955, -0.013159016, 0.023327975, 0.015418785, 0.009507562, 0.006138578, -0.02427873,
0.023217741, -0.021522915, -0.009335323, 0.00027924156, 0.03169187, 0.019538729, -0.0065553947, -0.040400248,
0.010713231, -0.0007126365, 0.019924542, -0.010720121, -0.004109609, -0.007344247, -0.008474131, -0.011560644,
-0.00234761, 0.018849775, -0.021274893, 0.012676749, -0.011815556, -0.007275352, 0.02487123, -0.012104917, 0.010665004,
-0.015694367, -0.0026851972, -0.0053703943, 0.047041763, 0.014812506, -0.0103274165, 0.0571556, -0.018973786,
0.0142751215, 0.0027317016, -0.02040681, -0.0068929824, -0.01653489, 0.018656867, -0.0098795965, -0.007199567,
-0.0024888455, 0.0039718184, -0.014798727, 0.024058266, 0.010485876, -0.015694367, -0.0100311665, 0.004051048,
-0.028853383, 0.025284603, -0.0036066729, -0.004202618, 0.010306748, 0.03169187, 0.0033345362, 0.0011410796,
0.039380595, 0.011567533, 0.0034740493, -0.014702273, -0.0067207436, 0.052332927, -0.00013779075, 0.008611922,
0.026814079, 0.0077989562, -0.013909976, 0.018932449, 0.021536695, 0.028798267, -0.019042682, -0.012339162,
-0.007275352, -0.010396312, -0.0163971, -0.085540496, -0.021398904, 0.0039373706, 0.001702577, -0.008915061,
0.012497621, 0.01162954, 0.023479544, 0.016011285, 0.03444769, 0.009369771, -0.011567533, -0.021440241, 0.008432793,
-0.0033534823, -0.023231521, 0.0014364686, -0.02336931, -0.013048784, 0.042246643, -0.0027850955, 0.016328204,
0.0047227778, -0.016259309, -0.012897214, -0.014109773, -0.048805483, 0.017499425, 0.013620616, 0.027640825,
0.0059353365, -0.017347855, 0.0009137249, -0.027682161, 0.0041922834, 0.022914601, -0.0139788715, -0.013165906,
0.027379021, -0.04290804, -0.013868639, 0.017154949, 0.0117879985, -0.037920013, -0.0027713163, -0.0039855973,
-0.008432793, 0.012669859, 0.031361174, -0.022625241, -0.022859486, -0.029404545, -0.028991174, -0.02160559,
0.011167941, -0.008060759, -0.001622486, 0.0030675665, -0.037589315, -0.041337226, -0.0036135623, -0.01459204,
0.0070962235, -0.0013804911, -0.0011539975, 0.015611692, -0.018436402, -0.0011402185, 0.013365703, -0.020530822,
-0.0056976476, 0.02651094, -0.026731405, 0.010954364, -0.009169974, -0.006524392, 0.012228929, 0.026910534, -0.00197213,
0.004674551, 0.007757619, -0.004540205, -0.005270496, 0.0036617892, 0.036431875, 0.000905113, 0.023603555,
-0.0032639185, -0.0070548863, -0.035577573, 0.011615761, 0.018656867, -0.0002650319, 0.0155979125, -0.024705881,
0.0043576322, 0.022983497, -0.016838029, -0.001693965, 0.0238378, -0.01980053, -0.017471867, -0.0801391, 9.3493174E-05,
0.016879367, -0.014536924, 0.031250942, -0.00818477, 0.037616875, -0.0012607854, 0.013317476, 0.0021564253,
-0.029735243, 0.008598142, -0.013751517, -0.012621633, -0.005759653, -0.010306748, 0.02189495, -0.022969717,
0.009672911, -0.0025921885, 0.0008418154, 0.013965093, 0.024471637, 0.0136826215, 0.00699977, 0.017775007, -0.01563925,
0.013152127, 0.000431242, -0.009941602, 0.028770708, -0.007495817, 0.018505298, 0.033152454, 0.00038150814,
-0.012800761, -0.031250942, 0.027447917, 0.010038056, 0.022804368, -0.016755356, -0.012532068, 0.0048777927,
-0.031058036, -0.01907024, -0.022625241, 0.00983826, 0.0043300744, 0.0073511363, -0.0073511363, 0.041309666,
0.0014579984, -0.007027328, -0.0023906694, -0.009914044, -0.0036066729, 0.0244303, -0.011312621, -0.008556806,
-0.012649191, 0.02008989, -0.00097314717, 0.018298611, -0.026386928, 0.0024130605, -0.02816443, -0.027365243,
0.0014588595, -0.0103274165, -0.017375413, 0.0007457924, -0.010968144, 0.011484859, 0.025987335, 0.012945441,
-0.019042682, -0.01577704, 0.030727336, -0.044561528, 0.032077685, -0.0010739067, -0.018050589, -0.0312785, 0.01609396,
0.010258521, -0.004843345, -0.006972212, -0.009672911, -0.030451756, 0.007922968, -0.028219545, -0.0125182895,
0.006303927, -0.014771168, -0.02217053, 0.03144385, 0.0154463425, 0.0013236523, -0.005387618, 0.018491518, 0.03229815,
0.009211312, -0.025697974, -0.017609658, 0.008384567, 0.013345034, 0.0010730454, -0.010637446, 0.039656177, 0.022900822,
0.02069617, 0.0028832713, -0.010699452, 0.005556412, -0.0117811095, 0.016755356, 0.019249368, -0.01756832, -0.020723728,
0.059635837, -0.009962271, 0.004116499, 0.042715132, -0.010100062, 0.028660476, -0.020902857, 0.003544667, -0.019745415,
0.0011126603, -0.0025732422, -0.015749482, 0.021702044, -0.02368623, -0.007068665, 0.00037870926, 0.01577704,
0.019290704, 0.025339719, -0.006896427, 0.07876119, 0.0006484777, -0.0052326038, 0.01788524, 0.017251402, 0.019042682,
0.0035860043, -0.014247564, -0.013283028, -0.025201928, 0.005794101, -0.0077851773, 0.012786982, -0.019125355,
-0.013827302, -0.049246415, 0.0068929824, 0.039077457, -0.0056218626, -0.015969947, 0.023286637, -0.014840064,
0.028357336, 0.01384797, -0.029404545, 0.005552967, 0.019125355, 0.0052670515, -0.01727896, -0.029817918, 0.006789639,
-0.010609888, -0.020944193, -0.010451429, -0.018009251, -0.0073373574, 0.008853056, -0.0065726186, 0.0033913748,
0.016769134, 0.002392392, -0.009845149, -0.015611692, -0.021261113, 0.008246777, -0.01565303, -0.008246777,
-0.017444309, -0.03216036]
	}
]